 1.39948839e+00
 -8.45742366e-01
 6.44964811e-01
 -7.76528712e-01
 1.39343133e-01
 1.02560710e+00
 -1.07801037e+00
 -2.12625107e+00
 -1.00692363e+00
 -8.35183111e-01
 6.26016028e-01
 -1.78547121e+00
 1.16532814e+00
 -4.51864895e-01
 -3.24590005e+00
 1.39367597e-01
 6.06842347e-01
 -1.82567239e-01
 6.09560823e-01
 -2.26539169e-01
 8.32332845e-01
 2.86366759e-01
 1.34471124e-01
 -1.24404988e+00
 -1.08432863e+00
 -3.00609526e-01
 -2.71952787e-01
 -5.24049969e-01
 -1.07569153e-01
 5.71410719e-01
 -8.92696390e-01
 4.17379506e-02
 -7.82049078e-01
 -2.14026415e+00
 7.27665034e-01
 -7.30801102e-01
 -2.78848305e+00
 3.85543226e-01
 -1.15954310e+00
 6.71393761e-01
 -4.60064164e-01
 -1.52100960e+00
 9.58725189e-01
 -8.87728881e-01
 2.30159482e+00
 8.74919651e-01
 -4.29674506e-02
 2.19264997e-01
 8.89579572e-01
 6.08191433e-02
 9.64705456e-01
 -6.21758885e-01
 1.11068546e-01
 5.11897079e-01
 -3.72165927e-01
 7.31718826e-01
 1.36520296e+00
 1.14020333e+00
 1.20024904e+00
 1.25578586e+00
 -3.02025836e-01
 -1.00772274e+00
 -5.08035477e-01
 -4.85389372e-01
 1.22422380e+00
 -6.36001151e-01
 -1.37997326e-01
 -1.58774116e+00
 1.45664227e+00
 4.24343318e-01
 5.01903934e-01
 8.96173522e-01
 -4.73357881e-01
 -5.00472810e-01
 2.50896903e+00
 -1.58006032e+00
 -6.08394077e-01
 6.18218627e-01
 -1.60334303e+00
 -1.38213231e-01
 -1.39522489e+00
 4.87712017e-01
 -1.20067299e+00
 8.50589890e-01
 -3.87740566e-01
 -1.15019022e+00
 1.87135263e-01
 -2.17151464e-01
 1.12471759e+00
 -7.51486344e-01
 -3.10603074e-01
 1.60594312e+00
 -1.22782415e+00
 5.66193340e-01
 5.37181006e-01
 8.22177442e-01
 -7.09339830e-01
 -1.37082363e+00
 1.32592931e+00
 -6.20637861e-01
